новый	1217.5	73	
2  	большой	944.4	96	
3  	должен	944.2	97	
4  	последний	712.6	130	
5  	российский	644.6	141	
6  	русский	530.5	173	
7  	общий	492.4	185	
8  	высокий	483.3	193	
9  	хороший	471.4	199	
10  	главный	454.6	207	
11  	лучший	443.2	215	
12  	маленький	414.1	229	
13  	молодой	400.0	241	
14  	государственный	391.3	249	
15  	полный	390.6	250	
16  	советский	382.9	254	
17  	настоящий	374.0	256	
18  	старый	368.5	264	
19  	разный	352.6	278	
20  	нужный	351.9	279	
21  	белый	339.6	290	
22  	собственный	338.3	291	
23  	черный	337.5	293	
24  	основной	334.1	297	
25  	далекий	318.3	311	
26  	подобный	301.6	334	
27  	следующий	301.4	335	
28  	равный	289.7	352	
29  	живой	284.0	364	
30  	известный	281.1	369	
31  	военный	278.7	373	
32  	важный	277.0	377	
33  	великий	276.3	379	
34  	простой	275.3	381	
35  	огромный	272.1	385	
36  	политический	269.6	387	
37  	московский	257.3	409	
38  	готовый	248.5	424	
39  	красный	240.5	442	
40  	современный	236.1	453	
41  	социальный	228.2	472	
42  	ранний	225.7	480	
43  	особый	224.3	482	
44  	целый	222.5	483	
45  	плохой	221.6	487	
46  	сильный	220.5	490	
47  	скорый	220.0	492	
48  	крупный	217.3	501	
49  	внутренний	216.1	502	
50  	экономический	210.6	514	
51  	правый	210.4	516	
52  	федеральный	208.9	519	
53  	близкий	206.8	524	
54  	похожий	206.5	526	
55  	различный	205.5	532	
56  	необходимый	203.7	539	
57  	единственный	202.2	544	
58  	легкий	202.1	545	
59  	человеческий	199.3	555	
60  	международный	198.2	561	
61  	дорогой	197.7	564	
62  	небольшой	196.6	572	
63  	местный	193.3	577	
64  	бывший	191.5	586	
65  	американский	186.5	601	
66  	широкий	183.9	611	
67  	мировой	182.3	615	
68  	тяжелый	180.3	617	
69  	возможный	179.1	627	
70  	отдельный	177.5	630	
71  	средний	177.3	631	
72  	красивый	177.2	632	
73  	короткий	175.6	640	
74  	серьезный	173.0	654	
75  	интересный	171.9	660	
76  	добрый	171.1	662	
77  	национальный	170.3	665	
78  	длинный	170.1	667	
79  	страшный	169.1	670	
80  	прошлый	169.0	671	
81  	общественный	168.1	673	
82  	детский	161.8	703	
83  	единый	161.3	707	
84  	определенный	161.2	709	
85  	низкий	160.7	710	
86  	чужой	159.6	719	
87  	странный	159.5	721	
88  	чистый	159.0	723	
89  	поздний	157.7	732	
90  	специальный	156.8	738	
91  	научный	155.1	745	
92  	сложный	154.5	754	
93  	реальный	153.8	762	
94  	способный	150.5	775	
95  	малый	150.2	778	
96  	старший	149.5	779	
97  	личный	149.2	783	
98  	свободный	149.0	786	
99  	обычный	148.7	788	
100  	прекрасный	148.4	790	
101  	высший	147.8	791	
102  	темный	146.0	803	
103  	гражданский	144.7	810	
104  	внешний	140.3	848	
105  	боевой	139.6	857	
106  	рабочий	138.0	870	
107  	глубокий	137.3	872	
108  	долгий	135.5	885	
109  	прямой	134.8	892	
110  	финансовый	134.5	896	
111  	открытый	134.4	897	
112  	знакомый	133.4	904	
113  	нынешний	132.3	908	
114  	исторический	130.4	921	
115  	народный	130.3	923	
116  	знаменитый	129.4	929	
117  	больший	128.9	933	
118  	пустой	127.5	940	
119  	очередной	127.4	941	
120  	судебный	126.1	949	
121  	зеленый	124.4	958	
122  	немецкий	123.6	966	
123  	золотой	123.5	967	
124  	технический	123.4	969	
125  	нормальный	123.2	970	
126  	городской	122.4	976	
127  	соответствующий	121.8	978	
128  	любимый	120.4	992	
129  	родной	120.3	993	
130  	западный	120.2	994	
131  	быстрый	119.8	1000	
132  	холодный	119.0	1008	
133  	конкретный	118.1	1012	
134  	иностранный	117.4	1018	
135  	левый	117.2	1022	
136  	счастливый	117.2	1023	
137  	святой	115.8	1035	
138  	точный	115.7	1037	
139  	частый	114.6	1053	
140  	значительный	113.9	1058	
141  	связанный	113.2	1067	
142  	уверенный	112.5	1073	
143  	тонкий	112.4	1075	
144  	центральный	112.4	1076	
145  	будущий	111.7	1083	
146  	физический	109.8	1104	
147  	частный	108.7	1117	
148  	мелкий	108.5	1119	
149  	английский	108.4	1121	
150  	постоянный	108.4	1122	
151  	тихий	107.3	1131	
152  	европейский	104.9	1158	
153  	ближайший	104.3	1162	
154  	отечественный	104.3	1163	
155  	теплый	104.0	1164	
156  	духовный	103.7	1166	
157  	прежний	103.6	1168	
158  	профессиональный	101.5	1190	
159  	французский	101.5	1191	
160  	женский	101.4	1192	
161  	крайний	101.3	1193	
162  	божий	99.9	1208	
163  	дальнейший	99.6	1215	
164  	естественный	98.7	1225	
165  	информационный	98.5	1229	
166  	железный	98.3	1234	
167  	горячий	98.0	1240	
168  	веселый	97.7	1248	
169  	официальный	96.4	1267	
170  	серый	96.1	1271	
171  	опасный	95.7	1276	
172  	слабый	94.1	1302	
173  	яркий	93.9	1306	
174  	летний	93.2	1314	
175  	дополнительный	93.1	1315	
176  	правильный	92.4	1323	
177  	лесной	92.2	1326	
178  	умный	91.5	1343	
179  	северный	91.2	1346	
180  	ясный	90.8	1352	
181  	милый	90.7	1353	
182  	светлый	90.5	1355	
183  	редкий	90.2	1359	
184  	верный	89.8	1362	
185  	юридический	89.6	1364	
186  	административный	88.8	1377	
187  	узкий	88.3	1388	
188  	художественный	88.1	1397	
189  	древний	87.6	1404	
190  	массовый	87.5	1408	
191  	генеральный	87.4	1410	
192  	замечательный	87.4	1411	
193  	задний	86.9	1421	
194  	региональный	86.9	1422	
195  	здоровый	86.6	1429	
196  	активный	85.7	1438	
197  	литературный	85.7	1439	
198  	острый	85.1	1452	
199  	богатый	85.0	1455	
200  	творческий	85.0	1459	
201  	мягкий	84.7	1462	
202  	ночной	84.7	1463	
203  	налоговый	84.5	1468	
204  	толстый	84.4	1469	
205  	бедный	84.0	1476	
206  	верхний	83.9	1480	
207  	вечный	83.8	1482	
208  	лишний	83.5	1484	
209  	морской	83.5	1485	
210  	нижний	83.4	1487	
211  	спокойный	83.4	1488	
212  	сухой	83.0	1493	
213  	синий	82.8	1498	
214  	сегодняшний	82.3	1503	
215  	медицинский	82.0	1509	
216  	свежий	81.3	1519	
217  	трудный	81.3	1520	
218  	уголовный	81.3	1521	
219  	желтый	78.1	1582	
220  	мощный	77.0	1596	
221  	деревянный	75.6	1618	
222  	полезный	75.2	1628	
223  	дальний	74.9	1632	
224  	домашний	74.4	1644	
225  	традиционный	74.1	1647	
226  	жесткий	73.6	1654	
227  	крепкий	73.6	1655	
228  	виноватый	73.0	1659	
229  	культурный	72.8	1663	
230  	приятный	72.7	1666	
231  	круглый	71.9	1682	
232  	понятный	71.6	1687	
233  	голубой	71.5	1688	
234  	удивительный	71.5	1690	
235  	мужской	71.2	1694	
236  	правовой	71.2	1696	
237  	больной	71.0	1700	
238  	мертвый	70.8	1705	
239  	совместный	70.4	1714	
240  	семейный	70.3	1718	
241  	природный	69.7	1734	
242  	православный	69.2	1748	
243  	учебный	69.2	1750	
244  	эффективный	68.9	1756	
245  	материальный	67.7	1780	
246  	невозможный	67.7	1781	
247  	соседний	66.4	1814	
248  	психологический	66.2	1815	
249  	музыкальный	65.9	1824	
250  	голый	65.4	1835	
251  	обязательный	65.4	1839	
252  	исполнительный	65.2	1846	
253  	партийный	65.2	1849	
254  	существенный	65.0	1860	
255  	восточный	64.4	1870	
256  	сельский	64.2	1883	
257  	характерный	64.2	1884	
258  	неожиданный	64.0	1887	
259  	видный	63.5	1897	
260  	честный	63.4	1905	
261  	резкий	63.2	1911	
262  	младший	63.1	1913	
263  	трудовой	62.9	1921	
264  	строгий	62.8	1923	
265  	южный	62.5	1932	
266  	практический	62.4	1933	
267  	многочисленный	62.3	1934	
268  	согласный	62.3	1936	
269  	спортивный	62.0	1944	
270  	истинный	61.8	1948	
271  	злой	61.5	1957	
272  	индивидуальный	61.4	1962	
273  	мокрый	61.3	1966	
274  	дикий	61.2	1970	
275  	рад	61.0	1976	
276  	коммерческий	60.7	1982	
277  	театральный	60.6	1984	
278  	воздушный	60.1	1989	
279  	дешевый	60.1	1990	
280  	пьяный	60.0	1994	
281  	областной	59.6	2001	
282  	твердый	59.5	2007	
283  	вооруженный	59.4	2009	
284  	религиозный	59.4	2011	
285  	промышленный	59.3	2014	
286  	денежный	58.8	2026	
287  	китайский	58.4	2043	
288  	последующий	58.4	2044	
289  	грязный	58.3	2045	
290  	земной	58.3	2046	
291  	классический	58.2	2047	
292  	неизвестный	57.9	2055	
293  	торговый	57.8	2058	
294  	привычный	57.1	2081	
295  	глупый	57.0	2083	
296  	обратный	57.0	2087	
297  	транспортный	56.8	2093	
298  	достойный	56.6	2096	
299  	удобный	56.4	2104	
300  	конечный	56.2	2113	
301  	производственный	56.0	2128	
302  	школьный	55.8	2135	
303  	передний	55.6	2142	
304  	каменный	55.5	2143	
305  	ценный	55.5	2147	
306  	предыдущий	55.3	2152	
307  	солнечный	55.2	2155	
308  	жизненный	55.1	2156	
309  	смешной	55.0	2161	
310  	несчастный	54.9	2165	
311  	арбитражный	54.8	2167	
312  	случайный	54.8	2169	
313  	обязанный	54.5	2178	
314  	горный	54.3	2182	
315  	зарубежный	54.0	2194	
316  	юный	53.8	2200	
317  	положительный	53.7	2201	
318  	довольный	53.4	2212	
319  	телефонный	53.3	2217	
320  	японский	53.2	2222	
321  	указанный	53.1	2226	
322  	деловой	53.0	2228	
323  	минимальный	52.7	2241	
324  	электронный	52.4	2255	
325  	одинаковый	52.3	2257	
326  	химический	52.2	2259	
327  	временной	51.5	2274	
328  	еврейский	51.2	2285	
329  	окружающий	51.1	2288	
330  	опытный	51.1	2289	
331  	космический	51.0	2294	
332  	меньший	50.9	2300	
333  	тайный	50.8	2306	
334  	закрытый	50.7	2308	
335  	отличный	50.7	2310	
336  	ведущий	50.4	2320	
337  	верховный	49.9	2333	
338  	уникальный	49.9	2340	
339  	популярный	49.7	2346	
340  	взрослый	49.5	2357	
341  	розовый	49.3	2373	
342  	скромный	49.2	2379	
343  	технологический	49.2	2380	
344  	старинный	49.1	2385	
345  	непонятный	48.8	2399	
346  	бесконечный	48.7	2402	
347  	независимый	48.7	2404	
348  	нежный	48.5	2413	
349  	зимний	48.2	2427	
350  	талантливый	48.2	2432	
351  	мирный	48.1	2433	
352  	ужасный	47.9	2440	
353  	квадратный	47.7	2444	
354  	незнакомый	47.5	2452	
355  	строительный	47.5	2456	
356  	крупнейший	47.4	2457	
357  	густой	47.2	2464	
358  	действующий	47.2	2465	
359  	надежный	47.2	2467	
360  	очевидный	47.1	2470	
361  	пожилой	47.1	2471	
362  	аналогичный	46.7	2479	
363  	законный	46.7	2480	
364  	муниципальный	46.6	2490	
365  	максимальный	46.5	2494	
366  	неприятный	46.5	2495	
367  	особенный	46.0	2518	
368  	прозрачный	46.0	2519	
369  	церковный	46.0	2520	
370  	громкий	45.9	2521	
371  	самостоятельный	45.6	2534	
372  	электрический	45.2	2549	
373  	нервный	45.0	2553	
374  	заметный	44.8	2557	
375  	важнейший	44.6	2565	
376  	стратегический	44.6	2567	
377  	одинокий	44.5	2570	
378  	бюджетный	44.4	2572	
379  	ответственный	43.9	2588	
380  	рыночный	43.8	2593	
381  	крутой	43.4	2613	
382  	противоположный	43.4	2618	
383  	рыжий	43.2	2630	
384  	текущий	43.2	2633	
385  	ядерный	43.1	2639	
386  	обыкновенный	43.0	2644	
387  	подлинный	42.8	2655	
388  	вынужденный	42.7	2658	
389  	грубый	42.6	2664	
390  	металлический	42.4	2675	
391  	абсолютный	42.3	2680	
392  	интеллектуальный	41.9	2700	
393  	статистический	41.9	2702	
394  	необычный	41.8	2705	
395  	недавний	41.6	2716	
396  	рекламный	41.6	2718	
397  	служебный	41.2	2736	
398  	письменный	41.0	2741	
399  	итальянский	40.9	2747	
400  	половой	40.9	2750	
401  	глухой	40.7	2761	
402  	предварительный	40.7	2763	
403  	чеченский	40.7	2765	
404  	экологический	40.7	2766	
405  	длительный	40.6	2767	
406  	страховой	40.5	2777	
407  	всеобщий	40.4	2780	
408  	демократический	40.4	2781	
409  	душевный	40.1	2804	
410  	печальный	39.9	2819	
411  	пенсионный	39.7	2830	
412  	объективный	39.6	2839	
413  	теоретический	39.5	2847	
414  	моральный	39.2	2863	
415  	инвестиционный	39.1	2870	
416  	земельный	38.9	2876	
417  	невероятный	38.8	2882	
418  	законодательный	38.7	2887	
419  	вечерний	38.6	2891	
420  	идеальный	38.6	2893	
421  	непосредственный	38.6	2895	
422  	президентский	38.6	2896	
423  	столичный	38.6	2898	
424  	хозяйственный	38.6	2899	
425  	сладкий	38.4	2907	
426  	водный	38.3	2908	
427  	доступный	38.2	2914	
428  	уважаемый	38.1	2927	
429  	банковский	38.0	2930	
430  	цветной	37.9	2939	
431  	жилой	37.8	2944	
432  	оперативный	37.7	2951	
433  	христианский	37.7	2953	
434  	разнообразный	37.6	2954	
435  	тесный	37.6	2956	
436  	блестящий	37.5	2957	
437  	жестокий	37.5	2961	
438  	плотный	37.5	2962	
439  	четкий	37.5	2964	
440  	публичный	37.4	2967	
441  	исходный	37.1	2985	
442  	социалистический	37.1	2989	
443  	модный	36.9	2999	
444  	ровный	36.9	3002	
445  	нравственный	36.8	3003	
446  	своеобразный	36.8	3005	
447  	успешный	36.8	3007	
448  	благородный	36.7	3008	
449  	священный	36.7	3015	
450  	явный	36.7	3017	
451  	суровый	36.6	3022	
452  	существующий	36.6	3023	
453  	бледный	36.5	3024	
454  	ленинградский	36.3	3041	
455  	ключевой	36.0	3056	
456  	божественный	35.9	3060	
457  	искусственный	35.7	3075	
458  	намерен	35.7	3077	
459  	сумасшедший	35.7	3083	
460  	устойчивый	35.7	3084	
461  	вчерашний	35.6	3087	
462  	коммунистический	35.6	3090	
463  	окончательный	35.6	3092	
464  	взаимный	35.5	3094	
465  	развитой	35.5	3101	
466  	качественный	35.2	3125	
467  	приличный	35.1	3131	
468  	царский	35.0	3142	
469  	железнодорожный	34.9	3147	
470  	серебряный	34.8	3158	
471  	актуальный	34.7	3162	
472  	сплошной	34.7	3167	
473  	выдающийся	34.6	3168	
474  	украинский	34.6	3170	
475  	худой	34.6	3171	
476  	газовый	34.5	3172	
477  	разумный	34.5	3177	
478  	должностной	34.4	3179	
479  	великолепный	34.2	3194	
480  	невидимый	34.1	3210	
481  	нормативный	34.1	3211	
482  	положенный	34.1	3213	
483  	седой	34.1	3215	
484  	автомобильный	34.0	3219	
485  	повышенный	33.9	3235	
486  	справедливый	33.9	3238	
487  	гигантский	33.8	3240	
488  	конституционный	33.8	3242	
489  	подземный	33.8	3244	
490  	давний	33.7	3250	
491  	небесный	33.7	3256	
492  	нефтяной	33.6	3264	
493  	голодный	33.5	3266	
494  	избирательный	33.5	3269	
495  	компьютерный	33.5	3270	
496  	философский	33.5	3278	
497  	двойной	33.4	3281	
498  	процессуальный	33.4	3287	
499  	психический	33.3	3295	
500  	глобальный	33.0	3315	
501  	польский	33.0	3321	
502  	потенциальный	33.0	3322	
503  	коллективный	32.8	3334	
504  	наибольший	32.5	3357	
505  	стеклянный	32.5	3366	
506  	атомный	32.4	3369	
507  	мрачный	32.4	3373	
508  	достаточный	32.2	3390	
509  	отрицательный	32.2	3394	
510  	головной	32.1	3401	
511  	бытовой	32.0	3407	
512  	горький	32.0	3408	
513  	радостный	32.0	3415	
514  	оригинальный	31.9	3423	
515  	революционный	31.9	3424	
516  	типичный	31.9	3426	
517  	трагический	31.9	3427	
518  	утренний	31.9	3428	
519  	сексуальный	31.8	3437	
520  	таинственный	31.6	3452	
521  	таможенный	31.6	3453	
522  	принципиальный	31.5	3457	
523  	удачный	31.4	3465	
524  	чудесный	31.4	3466	
525  	противный	31.3	3475	
526  	вредный	31.2	3482	
527  	книжный	31.2	3485	
528  	начальный	31.2	3486	
529  	почетный	31.2	3493	
530  	правительственный	31.2	3494	
531  	воинский	31.1	3496	
532  	дурной	31.1	3497	
533  	кожаный	31.1	3498	
534  	перспективный	31.1	3500	
535  	ближний	30.9	3518	
536  	выгодный	30.9	3519	
537  	критический	30.9	3522	
538  	экспериментальный	30.9	3528	
539  	торжественный	30.7	3548	
540  	грустный	30.6	3550	
541  	комплексный	30.6	3551	
542  	неплохой	30.6	3553	
543  	жалкий	30.4	3571	
544  	посторонний	30.4	3574	
545  	тогдашний	30.4	3579	
546  	ледяной	30.3	3583	
547  	структурный	30.2	3599	
548  	занятый	30.1	3603	
549  	могучий	30.0	3619	
550  	громадный	29.9	3625	
551  	сталинский	29.9	3630	
552  	сельскохозяйственный	29.8	3637	
553  	славный	29.6	3652	
554  	британский	29.5	3656	
555  	кредитный	29.5	3660	
556  	любопытный	29.5	3661	
557  	оптимальный	29.4	3673	
558  	районный	29.4	3676	
559  	стандартный	29.4	3678	
560  	немалый	29.2	3697	
561  	бессмысленный	29.1	3702	
562  	натуральный	29.1	3704	
563  	негативный	29.1	3705	
564  	плоский	29.1	3709	
565  	сибирский	29.0	3724	
566  	боковой	28.9	3729	
567  	дорожный	28.9	3731	
568  	математический	28.8	3743	
569  	идеологический	28.7	3752	
570  	незаконный	28.7	3754	
571  	авиационный	28.6	3757	
572  	программный	28.6	3767	
573  	самарский	28.6	3769	
574  	базовый	28.4	3780	
575  	биологический	28.4	3781	
576  	гениальный	28.4	3783	
577  	деревенский	28.4	3784	
578  	загадочный	28.4	3785	
579  	грозный	28.3	3792	
580  	проклятый	28.3	3796	
581  	волшебный	28.2	3802	
582  	подводный	28.2	3809	
583  	сырой	28.2	3814	
584  	первичный	28.1	3821	
585  	предстоящий	28.1	3822	
586  	нелепый	28.0	3832	
587  	недовольный	27.9	3839	
588  	осенний	27.8	3851	
589  	пушкинский	27.8	3854	
590  	греческий	27.7	3858	
591  	солидный	27.7	3869	
592  	энергетический	27.7	3871	
593  	всемирный	27.6	3873	
594  	контрольный	27.6	3875	
595  	поэтический	27.6	3881	
596  	симпатичный	27.6	3882	
597  	малейший	27.5	3889	
598  	специфический	27.5	3894	
599  	бурный	27.4	3897	
600  	весенний	27.3	3906	
601  	коммунальный	27.3	3909	
602  	роскошный	27.3	3912	
603  	территориальный	27.3	3913	
604  	неизбежный	27.2	3918	
605  	авторский	27.1	3923	
606  	совершенный	27.1	3935	
607  	напряженный	27.0	3941	
608  	краткий	26.8	3963	
609  	праздничный	26.8	3967	
610  	подходящий	26.7	3977	
611  	неправильный	26.6	3985	
612  	неведомый	26.4	4008	
613  	бесплатный	26.3	4013	
614  	мудрый	26.3	4016	
615  	свойственный	26.3	4024	
616  	силовой	26.3	4025	
617  	вкусный	26.2	4031	
618  	механический	26.2	4034	
619  	ограниченный	26.2	4036	
620  	жуткий	26.1	4048	
621  	петербургский	26.0	4063	
622  	смелый	26.0	4066	
623  	тяжкий	26.0	4068	
624  	жаркий	25.9	4070	
625  	медленный	25.9	4072	
626  	годовой	25.7	4092	
627  	универсальный	25.7	4103	
628  	христов	25.7	4105	
629  	личной	25.6	4110	
630  	преподобный	25.6	4114	
631  	формальный	25.6	4117	
632  	коричневый	25.5	4121	
633  	кровавый	25.5	4122	
634  	либеральный	25.5	4123	
635  	наивный	25.5	4124	
636  	жирный	25.4	4133	
637  	снежный	25.4	4142	
638  	эмоциональный	25.4	4146	
639  	искренний	25.3	4152	
640  	германский	25.2	4163	
641  	медный	25.1	4173	
642  	пермский	25.1	4177	
643  	телевизионный	25.1	4183	
644  	римский	25.0	4191	
645  	секретный	25.0	4192	
646  	благоприятный	24.9	4195	
647  	первоначальный	24.9	4200	
648  	внимательный	24.8	4205	
649  	кремлевский	24.8	4208	
650  	присущий	24.8	4213	
651  	стальной	24.8	4216	
652  	рядовой	24.7	4219	
653  	предвыборный	24.6	4232	
654  	скрытый	24.6	4236	
655  	фантастический	24.6	4239	
656  	безумный	24.5	4240	
657  	благодарный	24.5	4241	
658  	драгоценный	24.4	4253	
659  	осторожный	24.3	4272	
660  	гордый	24.2	4281	
661  	обширный	24.2	4285	
662  	ласковый	24.1	4292	
663  	одетый	24.1	4293	
664  	студенческий	24.1	4298	
665  	автоматический	24.0	4299	
666  	безопасный	24.0	4300	
667  	вольный	24.0	4302	
668  	мобильный	24.0	4304	
669  	невысокий	24.0	4305	
670  	решительный	24.0	4309	
671  	влажный	23.9	4313	
672  	гладкий	23.9	4315	
673  	дурацкий	23.9	4316	
674  	прочный	23.9	4320	
675  	функциональный	23.6	4368	
676  	решающий	23.5	4376	
677  	заработный	23.4	4382	
678  	педагогический	23.4	4388	
679  	хитрый	23.4	4393	
680  	армейский	23.3	4395	
681  	геологический	23.3	4397	
682  	ложный	23.3	4401	
683  	преступный	23.3	4404	
684  	смертный	23.3	4406	
685  	условный	23.3	4409	
686  	жилищный	23.2	4413	
687  	просторный	23.2	4421	
688  	элементарный	23.2	4430	
689  	внезапный	23.1	4433	
690  	привлекательный	23.1	4441	
691  	тупой	23.1	4444	
692  	жидкий	23.0	4450	
693  	покойный	23.0	4454	
694  	усталый	23.0	4460	
695  	коренной	22.9	4464	
696  	мясной	22.9	4465	
697  	актерский	22.8	4478	
698  	скучный	22.8	4490	
699  	исключительный	22.7	4498	
700  	минувший	22.7	4500	
701  	ракетный	22.7	4509	
702  	ученый	22.7	4513	
703  	комсомольский	22.6	4522	
704  	ненужный	22.6	4528	
705  	полевой	22.6	4532	
706  	ленинский	22.5	4541	
707  	почтовый	22.5	4544	
708  	правоохранительный	22.5	4545	
709  	слепой	22.5	4547	
710  	управляющий	22.5	4549	
711  	встречный	22.4	4551	
712  	забавный	22.4	4555	
713  	логический	22.4	4561	
714  	непрерывный	22.4	4563	
715  	отчаянный	22.4	4567	
716  	чуждый	22.4	4574	
717  	корпоративный	22.3	4582	
718  	собачий	22.3	4587	
719  	чудовищный	22.3	4592	
720  	автономный	22.1	4604	
721  	интеллигентный	22.1	4607	
722  	целевой	22.1	4619	
723  	драматический	22.0	4623	
724  	любовный	22.0	4626	
725  	мучительный	22.0	4628	
726  	непростой	22.0	4630	
727  	специализированный	22.0	4634	
728  	товарный	22.0	4636	
729  	бумажный	21.9	4638	
730  	грузинский	21.9	4640	
731  	кадровый	21.9	4643	
732  	откровенный	21.9	4647	
733  	стройный	21.9	4651	
734  	татарский	21.9	4652	
735  	действительный	21.8	4659	
736  	значимый	21.8	4662	
737  	израильский	21.8	4663	
738  	прошедший	21.8	4666	
739  	крохотный	21.7	4678	
740  	олимпийский	21.7	4680	
741  	организационный	21.7	4681	
742  	фактический	21.7	4687	
743  	мамин	21.6	4691	
744  	необыкновенный	21.6	4692	
745  	склонный	21.6	4697	
746  	установленный	21.6	4699	
747  	дневной	21.3	4726	
748  	рациональный	21.3	4731	
749  	светский	21.3	4734	
750  	уютный	21.3	4736	
751  	изящный	21.2	4739	
752  	незначительный	21.2	4743	
753  	архитектурный	21.1	4753	
754  	валютный	21.1	4754	
755  	всевозможный	21.1	4756	
756  	испанский	21.1	4760	
757  	тревожный	21.1	4773	
758  	магнитный	21.0	4779	
759  	милицейский	21.0	4780	
760  	фундаментальный	20.9	4793	
761  	чрезвычайный	20.9	4794	
762  	парижский	20.8	4805	
763  	романтический	20.8	4807	
764  	королевский	20.7	4817	
765  	молодежный	20.7	4818	
766  	наружный	20.7	4819	
767  	новенький	20.7	4820	
768  	этнический	20.7	4831	
769  	вирусный	20.6	4832	
770  	подробный	20.6	4840	
771  	социально-экономический	20.6	4843	
772  	арабский	20.5	4845	
773  	защитный	20.5	4849	
774  	поверхностный	20.5	4855	
775  	средневековый	20.5	4861	
776  	звездный	20.4	4870	
777  	равнодушный	20.4	4878	
778  	передовой	20.3	4894	
779  	сердечный	20.3	4898	
780  	принятый	20.2	4918	
781  	солдатский	20.2	4920	
782  	здешний	20.1	4928	
783  	многолетний	20.1	4931	
784  	срочный	19.9	4975	
785  	альтернативный	19.8	4977	
786  	животный	19.8	4980	
787  	крестьянский	19.8	4985	
788  	молчаливый	19.8	4986	
789  	новейший	19.8	4987	
790  	заинтересованный	19.7	4999	
791  	криминальный	19.7	5000	
792  	уличный	19.7	5008	
793  	шумный	19.7	5009	
794  	академический	19.6	5010	
795  	болезненный	19.6	5012	
796  	грандиозный	19.6	5014	
797  	гуманитарный	19.6	5015	
798  	лошадиный	19.6	5019	
799  	образовательный	19.6	5021	
800  	худший	19.6	5031	
801  	дружеский	19.5	5035	
802  	недостаточный	19.5	5041	
803  	стабильный	19.5	5045	
804  	неизменный	19.4	5057	
805  	образованный	19.4	5058	
806  	октябрьский	19.4	5059	
807  	регулярный	19.4	5070	
808  	относительный	19.3	5081	
809  	парламентский	19.3	5082	
810  	разноцветный	19.3	5084	
811  	всероссийский	19.2	5089	
812  	генетический	19.2	5090	
813  	интенсивный	19.2	5094	
814  	поразительный	19.2	5098	
815  	печатный	19.1	5112	
816  	позитивный	19.1	5114	
817  	славянский	19.1	5117	
818  	эстетический	19.1	5119	
819  	величайший	19.0	5120	
820  	неясный	19.0	5126	
821  	убежденный	19.0	5133	
822  	бешеный	18.9	5137	
823  	женатый	18.9	5141	
824  	роковой	18.9	5151	
825  	газетный	18.8	5161	
826  	неподвижный	18.8	5169	
827  	новогодний	18.8	5170	
828  	садовый	18.8	5173	
829  	локальный	18.7	5177	
830  	резиновый	18.7	5189	
831  	кавказский	18.6	5203	
832  	престижный	18.6	5209	
833  	турецкий	18.6	5216	
834  	казенный	18.5	5223	
835  	саратовский	18.5	5234	
836  	бесполезный	18.4	5239	
837  	молочный	18.4	5247	
838  	трезвый	18.4	5256	
839  	цивилизованный	18.4	5261	
840  	властный	18.3	5263	
841  	иркутский	18.3	5271	
842  	кривой	18.3	5272	
843  	потребительский	18.3	5279	
844  	ручной	18.3	5285	
845  	сомнительный	18.3	5287	
846  	отвратительный	18.2	5298	
847  	пышный	18.2	5301	
848  	аналитический	18.1	5307	
849  	входной	18.1	5309	
850  	колючий	18.1	5313	
851  	неверный	18.1	5316	
852  	офицерский	18.1	5318	
853  	пыльный	18.1	5326	
854  	радикальный	18.1	5327	
855  	немыслимый	18.0	5342	
856  	шахматный	18.0	5354	
857  	дежурный	17.9	5355	
858  	пестрый	17.9	5359	
859  	пищевой	17.9	5361	
860  	энергичный	17.9	5369	
861  	адекватный	17.8	5371	
862  	инженерный	17.8	5378	
863  	пожарный	17.8	5388	
864  	вертикальный	17.7	5395	
865  	киевский	17.7	5400	
866  	крошечный	17.7	5402	
867  	минеральный	17.7	5406	
868  	акционерный	17.6	5423	
869  	былой	17.6	5424	
870  	должный	17.6	5432	
871  	следственный	17.6	5445	
872  	невинный	17.5	5458	
873  	повседневный	17.5	5463	
874  	слышный	17.5	5464	
875  	смутный	17.5	5465	
876  	тюремный	17.5	5472	
877  	финский	17.5	5473	
878  	импортный	17.4	5478	
879  	клинический	17.4	5480	
880  	процентный	17.4	5489	
881  	индийский	17.3	5500	
882  	мутный	17.3	5503	
883  	нехороший	17.3	5504	
884  	системный	17.3	5514	
885  	географический	17.2	5522	
886  	классный	17.2	5525	
887  	тверской	17.2	5538	
888  	промежуточный	17.1	5553	
889  	дипломатический	17.0	5564	
890  	лагерный	17.0	5566	
891  	полноценный	17.0	5569	
892  	прохладный	17.0	5573	
893  	субъективный	17.0	5575	
894  	аккуратный	16.9	5580	
895  	легендарный	16.9	5585	
896  	людской	16.9	5586	
897  	люсин	16.9	5587	
898  	предельный	16.9	5592	
899  	здравый	16.8	5611	
900  	органический	16.8	5616	
901  	порядочный	16.8	5619	
902  	прикладной	16.8	5621	
903  	примитивный	16.8	5622	
904  	растительный	16.8	5625	
905  	чайный	16.8	5631	
906  	возрастной	16.7	5635	
907  	долгосрочный	16.7	5639	
908  	лысый	16.7	5645	
909  	провинциальный	16.7	5658	
910  	смертельный	16.7	5659	
911  	футбольный	16.7	5662	
912  	хрупкий	16.7	5663	
913  	ежегодный	16.6	5668	
914  	колоссальный	16.6	5673	
915  	вероятный	16.5	5689	
916  	запасной	16.5	5693	
917  	парадный	16.5	5701	
918  	питерский	16.5	5703	
919  	прогрессивный	16.5	5706	
920  	видимый	16.4	5713	
921  	организованный	16.4	5728	
922  	пограничный	16.4	5730	
923  	декоративный	16.3	5746	
924  	добровольный	16.3	5748	
925  	латинский	16.3	5754	
926  	недоступный	16.3	5757	
927  	грузовой	16.2	5780	
928  	зрительный	16.2	5783	
929  	параллельный	16.2	5789	
930  	сознательный	16.2	5798	
931  	страстный	16.2	5799	
932  	умственный	16.2	5802	
933  	бетонный	16.1	5803	
934  	ответный	16.1	5817	
935  	рыбный	16.1	5822	
936  	ветхий	16.0	5831	
937  	лунный	16.0	5837	
938  	молоденький	16.0	5839	
939  	нелегкий	16.0	5841	
940  	неудачный	16.0	5842	
941  	ничтожный	16.0	5843	
942  	отдаленный	16.0	5846	
943  	последовательный	16.0	5853	
944  	фирменный	16.0	5862	
945  	экспертный	16.0	5865	
946  	абстрактный	15.9	5866	
947  	агрессивный	15.9	5867	
948  	вторичный	15.9	5869	
949  	оборонный	15.9	5880	
950  	персональный	15.9	5882	
951  	послевоенный	15.9	5886	
952  	блаженный	15.8	5896	
953  	лекарственный	15.8	5905	
954  	подозрительный	15.8	5911	
955  	сказочный	15.8	5913	
956  	столовый	15.8	5914	
957  	алюминиевый	15.7	5917	
958  	гибкий	15.7	5925	
959  	заданный	15.7	5929	
960  	капитальный	15.7	5932	
961  	металлургический	15.7	5934	
962  	тепловой	15.7	5946	
963  	благополучный	15.6	5950	
964  	интимный	15.6	5960	
965  	материнский	15.6	5961	
966  	оранжевый	15.6	5970	
967  	соленый	15.6	5983	
968  	зенитный	15.5	5995	
969  	линейный	15.5	6000	
970  	белорусский	15.4	6018	
971  	босой	15.4	6020	
972  	ежедневный	15.4	6021	
973  	пустынный	15.4	6031	
974  	огненный	15.3	6050	
975  	шелковый	15.3	6066	
976  	больничный	15.2	6068	
977  	бронзовый	15.2	6069	
978  	всяческий	15.2	6073	
979  	выходной	15.2	6075	
980  	заводской	15.2	6078	
981  	излишний	15.2	6080	
982  	пластиковый	15.2	6095	
983  	родительский	15.2	6099	
984  	убедительный	15.2	6107	
985  	кирпичный	15.1	6119	
986  	пространственный	15.1	6132	
987  	тоненький	15.1	6141	
988  	грядущий	15.0	6147	
989  	командный	15.0	6151	
990  	подмосковный	15.0	6158	
991  	сравнительный	15.0	6164	
992  	сходный	15.0	6165	
993  	беременный	14.9	6173	
994  	грамотный	14.9	6174	
995  	достоверный	14.9	6176	
996  	количественный	14.9	6178	
997  	конструктивный	14.9	6179	
998  	ударный	14.9	6200	
999  	героический	14.8	6206	
1000  	научно-технический	14.8	6217	
1001  	сонный	14.8	6231	
1002  	сытый	14.8	6232	